  0 |  (0)
  1 |  (0)
  2 | * (1)
  3 |  (0)
  4 |  (0)
  5 |  (0)
  6 |  (0)
  7 |  (0)
  8 |  (0)
  9 |  (0)
 10 |  (0)
 11 | * (1)
 12 |  (0)
 13 |  (0)
 14 |  (0)
 15 |  (0)
 16 | * (1)
 17 |  (0)
 18 |  (0)
 19 |  (0)
 20 |  (0)
 21 |  (0)
 22 |  (0)
 23 |  (0)
 24 |  (0)
 25 | * (1)
 26 | * (1)
 27 |  (0)
 28 |  (0)
 29 |  (0)
 30 | * (1)
 31 |  (0)
 32 |  (0)
 33 |  (0)
 34 |  (0)
 35 | * (1)
 36 |  (0)
 37 |  (0)
 38 | * (1)
 39 |  (0)
 40 |  (0)
 41 | * (1)
 42 | * (1)
 43 | ** (2)
 44 | * (1)
 45 | * (1)
 46 | ** (2)
 47 | *** (3)
 48 | * (1)
 49 | * (1)
 50 | * (1)
 51 | *** (3)
 52 | *** (3)
 53 | * (1)
 54 | *** (3)
 55 | ***** (5)
 56 | *** (3)
 57 | *** (3)
 58 | * (1)
 59 | ******* (7)
 60 | ***** (5)
 61 | ***** (5)
 62 | ******* (7)
 63 | ******** (8)
 64 | ***** (5)
 65 | ********* (9)
 66 | ***** (5)
 67 | ****** (6)
 68 | ******* (7)
 69 | ******* (7)
 70 | ***** (5)
 71 | **** (4)
 72 | ******** (8)
 73 | **************** (16)
 74 | *********************** (23)
 75 | ************* (13)
 76 | *************** (15)
 77 | *************** (15)
 78 | ********* (9)
 79 | *********** (11)
 80 | ************************* (25)
 81 | ************************ (24)
 82 | ***************** (17)
 83 | *********************** (23)
 84 | ******************** (20)
 85 | ********************** (22)
 86 | ************ (12)
 87 | ******************** (20)
 88 | ********** (10)
 89 | ************ (12)
 90 | ********* (9)
 91 | ************* (13)
 92 | ********** (10)
 93 | ****** (6)
 94 | ****** (6)
 95 | ***** (5)
 96 | *** (3)
 97 | ** (2)
 98 | ***** (5)
 99 | ********** (10)
100 | ** (2)
101 | * (1)
